117,3
117,2
117,1
117,0
0,575
116,6
116,5
116,4
116,3
116,2
116,1
116,0
115,6
115,5
115,4
115,3
115,2
115,1
115,0
114,6
114,5
114,4
114,3
114,2
114,1
114,0
0,574
113,4
113,3
113,2
113,1
113,0
112,3
112,2
112,1
112,0
111,3
111,2
111,1
111,0
110,4
110,3
110,2
110,1
110,0
109,4
109,3
109,2
109,1
109,0
108,4
108,3
108,2
108,1
108,0
107,4
107,3
107,2
107,1
107,0
106,4
106,3
106,2
106,1
106,0
105,4
105,3
105,2
105,1
105,0
104,4
104,3
104,2
104,1
104,0
103,4
103,3
103,2
103,1
103,0
102,3
102,2
102,1
102,0
101,4
101,3
101,2
101,1
101,0
0,573
0,572
100,4
100,3
100,2
100,1
100,0
99,4
99,3
99,2
99,1
99,0
98,5
98,4
98,3
98,2
98,1
98,0
97,3
97,2
97,1
97,0
96,4
96,3
96,2
96,1
96,0
95,3
95,2
95,1
95,0
0,571
94,3
94,2
94,1
94,0
93,6
93,5
93,4
93,3
93,2
93,1
93,0
92,6
92,5
92,4
92,3
92,2
92,1
92,0
91,6
91,5
91,4
91,3
91,2
91,1
91,0
0,570
90,4
90,3
90,2
90,1
90,0
0,569
89,3
89,2
89,1
89,0
88,3
88,2
88,1
88,0
87,4
87,3
87,2
87,1
87,0
0,568
86,4
86,3
86,2
86,1
86,0
85,4
85,3
85,2
85,1
85,0
84,4
84,3
84,2
84,1
84,0
83,4
83,3
83,2
83,1
83,0
82,4
82,3
82,2
82,1
82,0
81,4
81,3
81,2
81,1
81,0
0,567
80,4
80,3
80,2
80,1
80,0
79,3
79,2
79,1
79,0
78,4
78,3
78,2
78,1
78,0
77,4
77,3
77,2
77,1
77,0
76,4
76,3
76,2
76,1
76,0
75,5
75,4
75,3
75,2
75,1
75,0
74,3
74,2
74,1
74,0
73,4
73,3
73,2
73,1
73,0
72,3
72,2
72,1
72,0
0,566
71,3
71,2
71,1
71,0
70,6
70,5
70,4
70,3
70,2
70,1
70,0
69,6
69,5
69,4
69,3
69,2
69,1
69,0
68,6
68,5
68,4
68,3
68,2
68,1
68,0
67,4
67,3
67,2
67,1
67,0
66,3
66,2
66,1
66,0
65,3
65,2
65,1
65,0
64,4
64,3
64,2
64,1
64,0
63,4
63,3
63,2
63,1
63,0
0,565
62,4
62,3
62,2
62,1
62,0
61,4
61,3
61,2
61,1
61,0
60,4
60,3
60,2
60,1
60,0
59,4
59,3
59,2
59,1
59,0
58,4
58,3
58,2
58,1
58,0
0,564
57,4
57,3
57,2
57,1
57,0
56,3
56,2
56,1
56,0
55,4
55,3
55,2
55,1
55,0
54,4
54,3
54,2
54,1
54,0
53,4
53,3
53,2
53,1
53,0
52,5
52,4
52,3
52,2
52,1
52,0
51,3
51,2
51,1
51,0
50,4
50,3
50,2
50,1
50,0
49,3
49,2
49,1
49,0
0,563
0,562
0,561
0,560
0,559
0,558
0,310
0,305
0,308
0,307
0,302
0,304
0,303
0,12
0,10
0,8
0,0
0,521
0,482
0,300
0,481
0,403
0,299
0,520
0,402
0,298
0,557
0,401
0,297
0,556
0,480
0,296
0,555
0,400
0,295
0,479
0,399
0,294
0,519
0,398
0,293
0,543
0,397
0,292
0,542
0,291
0,518
0,478
0,290
0,477
0,396
0,289
0,541
0,395
0,288
0,516
0,394
0,287
0,515
0,476
0,286
0,517
0,393
0,285
0,540
0,392
0,284
0,539
0,391
0,283
0,514
0,390
0,282
0,513
0,281
0,538
0,475
0,280
0,474
0,389
0,279
0,512
0,388
0,278
0,473
0,387
0,277
0,551
0,472
0,276
0,471
0,386
0,275
0,470
0,385
0,274
0,469
0,384
0,273
0,510
0,383
0,272
0,509
0,468
0,271
0,537
0,511
0,270
0,467
0,382
0,269
0,466
0,381
0,268
0,508
0,380
0,267
0,465
0,379
0,266
0,464
0,265
0,463
0,378
0,264
0,462
0,377
0,263
0,461
0,376
0,262
0,507
0,375
0,261
0,505
0,460
0,260
0,550
0,504
0,259
0,506
0,374
0,258
0,459
0,373
0,257
0,458
0,372
0,256
0,503
0,371
0,255
0,536
0,502
0,254
0,501
0,370
0,253
0,457
0,369
0,252
0,535
0,368
0,251
0,456
0,367
0,250
0,500
0,455
0,249
0,549
0,498
0,248
0,497
0,366
0,247
0,499
0,365
0,246
0,454
0,364
0,245
0,453
0,363
0,244
0,496
0,362
0,242
0,493
0,361
0,241
2,3
1,1
2,1
3,0
3,1
29,3
29,1
26,0
26,1
26,3
27,0
27,1
48,3
27,3
27,4
28,0
28,2
28,3
29,4
29,7
30,0
30,2
30,3
31,0
31,2
31,3
32,0
32,1
32,3
32,4
33,1
33,3
34,0
34,2
34,3
35,0
35,2
35,3
36,0
36,1
36,3
37,0
37,1
37,3
37,4
39,1
39,2
39,4
41,1
41,2
41,4
44,0
44,2
44,4
47,0
47,2
47,3
47,5
47,6
48,2
47,4
47,1
44,3
44,1
41,3
41,0
39,3
39,0
37,2
36,4
36,2
35,4
35,1
34,4
34,1
33,2
33,0
32,2
31,4
31,1
30,4
30,1
29,6
29,2
28,1
48,1
27,2
48,0
26,2
29,5
3,3
29,0
1,3
1,0
0,494
0,408
0,322
2,0
0,243
0,9
0,534
0,492
0,240
0,495
0,360
0,239
0,452
0,359
0,238
0,451
0,358
0,237
0,533
0,357
0,236
0,532
0,235
0,531
0,449
0,234
0,448
0,356
0,233
0,450
0,355
0,232
0,447
0,354
0,231
0,530
0,353
0,230
0,446
0,352
0,229
0,445
0,351
0,228
0,444
0,443
0,227
0,442
0,350
0,226
0,491
0,349
0,225
0,441
0,348
0,224
0,529
0,347
0,223
0,528
0,440
0,222
0,527
0,490
0,221
0,438
0,346
0,220
0,437
0,345
0,219
0,439
0,344
0,218
0,489
0,436
0,217
0,435
0,343
0,216
0,434
0,342
0,215
0,433
0,341
0,214
0,432
0,340
0,213
0,431
0,430
0,212
0,548
0,488
0,211
0,526
0,339
0,210
0,487
0,338
0,209
0,337
0,208
0,552
0,336
0,207
0,554
0,429
0,206
0,547
0,335
0,205
0,428
0,334
0,204
0,486
0,333
0,203
0,426
0,332
0,202
0,485
0,427
0,201
0,425
0,424
0,200
0,423
0,331
0,199
0,422
0,330
0,198
0,421
0,329
0,197
0,420
0,328
0,196
0,419
0,418
0,195
0,484
0,194
0,327
0,193
0,553
0,326
0,192
0,325
0,63
0,324
0,62
0,525
0,323
0,61
0,417
0,321
0,60
0,483
0,416
0,59
0,546
0,320
0,58
0,545
0,319
0,57
0,524
0,318
0,56
0,523
0,317
0,55
0,522
0,415
0,54
0,544
0,414
0,53
0,412
0,316
0,52
0,411
0,315
0,51
0,413
0,314
0,50
0,410
0,313
0,49
0,409
0,312
0,48
0,407
0,311
0,47
0,406
0,309
0,46
0,405
0,306
0,45
0,404
0,301
0,6
0,5
0,1
0,11
0,4
0,2
0,3
0,7
